1.0
0.9999802608561371
0.9999210442038161
0.999822352380809
0.9996841892832999
0.9995065603657316
0.9992894726405892
0.9990329346781247
0.9987369566060175
0.998401550108975
0.9980267284282716
0.9976125063612252
0.9971589002606139
0.9966659280340299
0.9961336091431725
0.99556196460308
0.9949510169813002
0.9943007903969989
0.9936113105200084
0.9928826045698137
0.9921147013144779
0.9913076310695066
0.9904614256966512
0.9895761186026509
0.9886517447379141
0.9876883405951378
0.986685944207868
0.985644595148998
0.9845643345292053
0.9834452049953297
0.9822872507286887
0.9810905174433341
0.9798550523842469
0.9785809043254721
0.9772681235681935
0.9759167619387474
0.9745268727865771
0.9730985109821265
0.971631732914674
0.9701265964901058
0.9685831611286311
0.967001487762435
0.9653816388332739
0.9637236782900097
0.9620276715860859
0.9602936856769431
0.9585217890173758
0.9567120515588304
0.954864544746643
0.9529793415172189
0.9510565162951535
0.9490961449902946
0.9470983049947442
0.9450630751798048
0.9429905358928645
0.9408807689542255
0.9387338576538741
0.9365498867481923
0.934328942456612
0.932071112458211
0.9297764858882515
0.9274451533346614
0.925077206834458
0.9226727398701148
0.9202318473658704
0.9177546256839811
0.9152411726209175
0.9126915874035028
0.9101059706849957
0.9074844245411169
0.9048270524660195
0.9021339593682028
0.899405251566371
0.8966410367852359
0.8938414241512638
0.8910065241883679
0.8881364488135446
0.8852313113324553
0.8822912264349533
0.8793163101905562
0.8763066800438636
0.8732624548099202
0.8701837546695257
0.86707070116449
0.8639234171928353
0.8607420270039436
0.8575266561936522
0.8542774316992952
0.850994481794692
0.8476779360850832
0.8443279255020151
0.8409445822981692
0.8375280400421418
0.8340784336131712
0.8305958991958127
0.8270805742745618
0.8235325976284275
0.8199521093254523
0.8163392507171839
0.812694164433094
0.8090169943749475
0.8053078857111219
0.8015669848708766
0.797794439538571
0.7939903986478353
0.7901550123756904
0.7862884321366189
0.7823908105765881
0.7784623015670235
0.7745030601987338
0.7705132427757893
0.7664930068093498
0.7624425110114479
0.7583619152887219
0.7542513807361038
0.7501110696304596
0.7459411454241821
0.7417417727387392
0.7375131173581738
0.7332553462225601
0.7289686274214116
0.7246531301870467
0.7203090248879069
0.7159364830218312
0.7115356772092855
0.7071067811865476
0.7026499697988492
0.6981654189934727
0.6936533058128049
0.6891138083873485
0.6845471059286886
0.6799533787224192
0.6753328081210245
0.67068557653672
0.6660118674342517
0.6613118653236518
0.6565857557529564
0.6518337253008787
0.6470559615694443
0.6422526531765843
0.6374239897486896
0.6325701619131244
0.6276913612907004
0.6227877804881125
0.6178596130903343
0.6129070536529766
0.6079302976946055
0.6029295416890248
0.5979049830575189
0.5928568201610593
0.5877852522924731
0.5826904796685761
0.5775727034222676
0.572432125594591
0.5672689491267565
0.5620833778521306
0.5568756164881881
0.5516458706284303
0.5463943467342691
0.5411212521268759
0.5358267949789965
0.5305111843067342
0.5251746299612957
0.5198173426207094
0.5144395337815064
0.5090414157503712
0.5036232016357609
0.49818510533949084
0.49272734154829156
0.4872501257253322
0.48175367410171516
0.4762382036679391
0.4707039321653325
0.46515107807745826
0.45957986062148776
0.4539904997395468
0.44838321609003245
0.44275823103890166
0.437115766650933
0.431456045680959
0.42577929156507266
0.4200857284118064
0.41437558099328425
0.4086490747363491
0.4029064357136627
0.39714789063478056
0.39137366683720254
0.3855839922773966
0.3797790955218011
0.3739592057378004
0.3681245526846781
0.36227536670454574
0.35641187871325075
0.35053432019125896
0.344642923174517
0.3387379202452915
0.3328195445229867
0.32688802965494246
0.32094360980720943
0.31498651965530466
0.30901699437494745
0.303035269632774
0.29704158157703486
0.2910361668282717
0.28501926246997616
0.2789911060392293
0.27295193551732516
0.26690198932037545
0.2608415062898968
0.25477072568338216
0.24868988716485496
0.24259923079540754
0.23649899702372476
0.23038942667659063
0.22427076094938117
0.2181432413965427
0.21200710992205474
0.20586260876988136
0.199709980514407
0.1935494680508604
0.18738131458572474
0.1812057636271374
0.17502305897527604
0.16883344471273382
0.16263716519488372
0.15643446504023092
0.15022558912075706
0.1440107825522521
0.13779029068463797
0.13156435909228256
0.12533323356430426
0.1190971600948697
0.1128563848734816
0.10661115427526
0.10036171485121491
0.09410831331851428
0.0878511965507431
0.08159061156815742
0.07532680552793275
0.06906002571440578
0.06279051952931353
0.05651853448202462
0.0502443181797696
0.043968118317864895
0.037690182669934694
0.031410759078128396
0.02513009544333753
0.018848439715408175
0.012566039883352776
0.006283143965559066
6.123233995736766e-17
-0.006283143965558943
-0.012566039883352653
-0.018848439715408054
-0.025130095443337407
-0.03141075907812828
-0.037690182669934576
-0.04396811831786477
-0.05024431817976947
-0.0565185344820245
-0.0627905195293134
-0.06906002571440588
-0.07532680552793262
-0.08159061156815751
-0.0878511965507432
-0.09410831331851438
-0.100361714851215
-0.10661115427525987
-0.1128563848734817
-0.1190971600948698
-0.12533323356430437
-0.13156435909228245
-0.13779029068463805
-0.14401078255225222
-0.15022558912075715
-0.15643446504023104
-0.16263716519488358
-0.1688334447127339
-0.17502305897527615
-0.1812057636271375
-0.18738131458572482
-0.1935494680508603
-0.1997099805144071
-0.20586260876988147
-0.21200710992205482
-0.21814324139654256
-0.22427076094938125
-0.2303894266765907
-0.23649899702372484
-0.2425992307954072
-0.24868988716485463
-0.25477072568338205
-0.26084150628989666
-0.26690198932037534
-0.27295193551732505
-0.27899110603922916
-0.28501926246997605
-0.2910361668282716
-0.29704158157703475
-0.30303526963277383
-0.30901699437494734
-0.31498651965530455
-0.3209436098072093
-0.32688802965494235
-0.33281954452298657
-0.33873792024529137
-0.3446429231745169
-0.35053432019125885
-0.35641187871325064
-0.36227536670454563
-0.368124552684678
-0.3739592057378003
-0.379779095521801
-0.3855839922773965
-0.3913736668372024
-0.39714789063478045
-0.4029064357136626
-0.408649074736349
-0.41437558099328414
-0.4200857284118063
-0.4257792915650727
-0.43145604568095913
-0.4371157666509327
-0.4427582310389014
-0.4483832160900321
-0.4539904997395467
-0.4595798606214878
-0.46515107807745837
-0.47070393216533263
-0.47623820366793923
-0.48175367410171543
-0.48725012572533255
-0.49272734154829145
-0.49818510533949073
-0.5036232016357608
-0.5090414157503713
-0.5144395337815065
-0.5198173426207096
-0.5251746299612958
-0.5305111843067343
-0.5358267949789969
-0.5411212521268758
-0.546394346734269
-0.5516458706284302
-0.5568756164881881
-0.5620833778521307
-0.5672689491267566
-0.572432125594591
-0.5775727034222679
-0.5826904796685763
-0.587785252292473
-0.5928568201610592
-0.5979049830575185
-0.6029295416890245
-0.6079302976946052
-0.6129070536529763
-0.6178596130903342
-0.6227877804881123
-0.6276913612907004
-0.6325701619131244
-0.6374239897486897
-0.6422526531765844
-0.647055961569444
-0.6518337253008786
-0.6565857557529563
-0.6613118653236517
-0.6660118674342516
-0.67068557653672
-0.6753328081210245
-0.6799533787224192
-0.6845471059286887
-0.6891138083873483
-0.6936533058128048
-0.6981654189934725
-0.7026499697988491
-0.7071067811865475
-0.7115356772092853
-0.7159364830218312
-0.7203090248879069
-0.7246531301870467
-0.7289686274214113
-0.7332553462225598
-0.7375131173581738
-0.7417417727387391
-0.7459411454241821
-0.7501110696304596
-0.7542513807361039
-0.7583619152887219
-0.762442511011448
-0.7664930068093497
-0.7705132427757891
-0.7745030601987337
-0.7784623015670233
-0.7823908105765881
-0.7862884321366189
-0.7901550123756904
-0.7939903986478354
-0.7977944395385711
-0.8015669848708767
-0.8053078857111219
-0.8090169943749473
-0.812694164433094
-0.8163392507171839
-0.8199521093254524
-0.8235325976284275
-0.8270805742745619
-0.8305958991958128
-0.8340784336131714
-0.8375280400421417
-0.840944582298169
-0.8443279255020151
-0.8476779360850832
-0.850994481794692
-0.8542774316992953
-0.8575266561936523
-0.8607420270039438
-0.8639234171928355
-0.86707070116449
-0.8701837546695257
-0.8732624548099199
-0.8763066800438634
-0.8793163101905561
-0.8822912264349532
-0.8852313113324551
-0.8881364488135445
-0.8910065241883678
-0.8938414241512638
-0.8966410367852359
-0.8994052515663711
-0.9021339593682027
-0.9048270524660194
-0.9074844245411169
-0.9101059706849957
-0.9126915874035028
-0.9152411726209175
-0.9177546256839811
-0.9202318473658704
-0.9226727398701149
-0.9250772068344579
-0.9274451533346613
-0.9297764858882513
-0.932071112458211
-0.934328942456612
-0.9365498867481923
-0.9387338576538741
-0.9408807689542255
-0.9429905358928645
-0.9450630751798047
-0.9470983049947442
-0.9490961449902945
-0.9510565162951535
-0.9529793415172187
-0.954864544746643
-0.9567120515588305
-0.958521789017376
-0.9602936856769431
-0.9620276715860859
-0.9637236782900097
-0.9653816388332739
-0.967001487762435
-0.9685831611286311
-0.9701265964901058
-0.971631732914674
-0.9730985109821266
-0.9745268727865772
-0.9759167619387474
-0.9772681235681935
-0.9785809043254721
-0.9798550523842469
-0.9810905174433341
-0.9822872507286887
-0.9834452049953297
-0.9845643345292054
-0.985644595148998
-0.9866859442078681
-0.9876883405951377
-0.988651744737914
-0.9895761186026509
-0.9904614256966512
-0.9913076310695066
-0.9921147013144778
-0.9928826045698136
-0.9936113105200084
-0.9943007903969989
-0.9949510169813002
-0.99556196460308
-0.9961336091431725
-0.9966659280340299
-0.9971589002606139
-0.9976125063612252
-0.9980267284282716
-0.998401550108975
-0.9987369566060175
-0.9990329346781247
-0.9992894726405892
-0.9995065603657316
-0.9996841892832999
-0.999822352380809
-0.9999210442038161
-0.9999802608561371
-1.0
-0.9999802608561371
-0.9999210442038161
-0.999822352380809
-0.9996841892832999
-0.9995065603657316
-0.9992894726405892
-0.9990329346781247
-0.9987369566060175
-0.998401550108975
-0.9980267284282716
-0.9976125063612252
-0.9971589002606139
-0.9966659280340299
-0.9961336091431725
-0.99556196460308
-0.9949510169813002
-0.9943007903969989
-0.9936113105200084
-0.9928826045698137
-0.9921147013144779
-0.9913076310695066
-0.9904614256966512
-0.9895761186026509
-0.9886517447379141
-0.9876883405951378
-0.986685944207868
-0.985644595148998
-0.9845643345292053
-0.9834452049953296
-0.9822872507286886
-0.9810905174433341
-0.9798550523842469
-0.9785809043254722
-0.9772681235681935
-0.9759167619387474
-0.9745268727865771
-0.9730985109821265
-0.9716317329146739
-0.9701265964901058
-0.9685831611286311
-0.967001487762435
-0.9653816388332739
-0.9637236782900097
-0.9620276715860859
-0.9602936856769431
-0.9585217890173758
-0.9567120515588304
-0.954864544746643
-0.9529793415172187
-0.9510565162951535
-0.9490961449902945
-0.9470983049947443
-0.9450630751798048
-0.9429905358928644
-0.9408807689542255
-0.9387338576538741
-0.9365498867481923
-0.9343289424566119
-0.9320711124582108
-0.9297764858882512
-0.9274451533346613
-0.925077206834458
-0.9226727398701148
-0.9202318473658703
-0.917754625683981
-0.9152411726209174
-0.9126915874035026
-0.9101059706849955
-0.9074844245411168
-0.9048270524660195
-0.9021339593682028
-0.899405251566371
-0.8966410367852358
-0.8938414241512637
-0.8910065241883677
-0.8881364488135444
-0.8852313113324555
-0.8822912264349535
-0.8793163101905564
-0.8763066800438637
-0.8732624548099203
-0.8701837546695258
-0.8670707011644901
-0.8639234171928356
-0.8607420270039439
-0.8575266561936525
-0.8542774316992954
-0.8509944817946921
-0.8476779360850834
-0.8443279255020152
-0.8409445822981692
-0.8375280400421418
-0.8340784336131715
-0.8305958991958129
-0.827080574274562
-0.8235325976284277
-0.8199521093254525
-0.816339250717184
-0.8126941644330941
-0.8090169943749476
-0.805307885711122
-0.8015669848708769
-0.7977944395385712
-0.7939903986478356
-0.7901550123756905
-0.786288432136619
-0.7823908105765882
-0.7784623015670236
-0.7745030601987339
-0.7705132427757893
-0.7664930068093498
-0.7624425110114481
-0.7583619152887221
-0.754251380736104
-0.7501110696304597
-0.7459411454241822
-0.7417417727387393
-0.7375131173581739
-0.7332553462225601
-0.7289686274214116
-0.7246531301870469
-0.7203090248879072
-0.7159364830218313
-0.7115356772092855
-0.7071067811865477
-0.7026499697988493
-0.6981654189934727
-0.6936533058128049
-0.6891138083873485
-0.684547105928689
-0.6799533787224195
-0.6753328081210246
-0.6706855765367201
-0.6660118674342517
-0.6613118653236519
-0.6565857557529564
-0.651833725300879
-0.6470559615694442
-0.6422526531765846
-0.6374239897486895
-0.6325701619131247
-0.6276913612907002
-0.6227877804881126
-0.6178596130903348
-0.6129070536529765
-0.6079302976946057
-0.6029295416890246
-0.597904983057519
-0.592856820161059
-0.5877852522924732
-0.5826904796685758
-0.5775727034222676
-0.5724321255945912
-0.5672689491267564
-0.5620833778521309
-0.5568756164881878
-0.5516458706284304
-0.5463943467342689
-0.5411212521268759
-0.5358267949789963
-0.530511184306734
-0.5251746299612953
-0.5198173426207094
-0.5144395337815068
-0.5090414157503711
-0.503623201635761
-0.49818510533949056
-0.4927273415482917
-0.48725012572533194
-0.48175367410171527
-0.4762382036679387
-0.47070393216533246
-0.4651510780774586
-0.45957986062148765
-0.4539904997395469
-0.44838321609003196
-0.4427582310389016
-0.4371157666509325
-0.4314560456809589
-0.42577929156507216
-0.42008572841180614
-0.41437558099328436
-0.4086490747363488
-0.4029064357136628
-0.3971478906347803
-0.3913736668372024
-0.3855839922773961
-0.37977909552180106
-0.3739592057377999
-0.3681245526846778
-0.36227536670454585
-0.3564118787132504
-0.35053432019125913
-0.34464292317451667
-0.33873792024529137
-0.3328195445229862
-0.32688802965494235
-0.32094360980720893
-0.3149865196553046
-0.30901699437494756
-0.30303526963277366
-0.297041581577035
-0.29103616682827144
-0.28501926246997694
-0.2789911060392296
-0.27295193551732594
-0.2669019893203758
-0.26084150628989755
-0.2547707256833823
-0.2486898871648553
-0.24259923079540746
-0.2364989970237251
-0.23038942667659137
-0.2242707609493815
-0.21814324139654323
-0.21200710992205485
-0.2058626087698819
-0.1997099805144071
-0.19354946805086076
-0.18738131458572463
-0.18120576362713775
-0.17502305897527595
-0.16883344471273415
-0.16263716519488428
-0.15643446504023104
-0.15022558912075762
-0.14401078255225222
-0.13779029068463852
-0.13156435909228248
-0.1253332335643046
-0.11909716009486959
-0.11285638487348193
-0.10661115427526055
-0.10036171485121503
-0.09410831331851485
-0.08785119655074321
-0.08159061156815799
-0.07532680552793265
-0.06906002571440611
-0.06279051952931321
-0.05651853448202474
-0.05024431817977017
-0.04396811831786501
-0.03769018266993504
-0.0314107590781283
-0.025130095443337875
-0.018848439715408075
-0.012566039883352897
-0.006283143965558744
-1.8369701987210297e-16
0.006283143965558377
0.012566039883352531
0.018848439715407707
0.025130095443337507
0.03141075907812793
0.03769018266993467
0.043968118317864645
0.0502443181797698
0.056518534482024374
0.06279051952931283
0.06906002571440575
0.07532680552793229
0.08159061156815761
0.08785119655074285
0.09410831331851449
0.10036171485121467
0.10661115427526019
0.11285638487348157
0.11909716009486923
0.12533323356430423
0.13156435909228212
0.13779029068463816
0.14401078255225186
0.15022558912075726
0.15643446504023067
0.16263716519488391
0.1688334447127338
0.1750230589752756
0.1812057636271374
0.18738131458572427
0.1935494680508604
0.19970998051440675
0.20586260876988155
0.2120071099220545
0.2181432413965429
0.22427076094938114
0.230389426676591
0.23649899702372473
0.2425992307954071
0.24868988716485493
0.25477072568338194
0.2608415062898972
0.26690198932037545
0.2729519355173256
0.2789911060392292
0.2850192624699766
0.29103616682827194
0.29704158157703464
0.30303526963277416
0.30901699437494723
0.3149865196553051
0.32094360980720943
0.32688802965494285
0.3328195445229867
0.33873792024529187
0.34464292317451717
0.35053432019125874
0.3564118787132509
0.3622753667045455
0.36812455268467825
0.3739592057378004
0.3797790955218015
0.3855839922773966
0.3913736668372029
0.39714789063478073
0.40290643571366247
0.40864907473634926
0.41437558099328403
0.4200857284118066
0.4257792915650726
0.4314560456809594
0.437115766650933
0.44275823103890205
0.4483832160900324
0.45399049973954664
0.4595798606214881
0.46515107807745826
0.4707039321653329
0.4762382036679391
0.4817536741017157
0.48725012572533244
0.4927273415482921
0.4981851053394903
0.5036232016357607
0.5090414157503709
0.5144395337815064
0.5198173426207091
0.5251746299612949
0.5305111843067337
0.535826794978996
0.5411212521268757
0.5463943467342686
0.5516458706284302
0.5568756164881876
0.5620833778521306
0.5672689491267562
0.572432125594591
0.5775727034222673
0.5826904796685755
0.5877852522924729
0.5928568201610588
0.5979049830575188
0.6029295416890244
0.6079302976946054
0.6129070536529762
0.6178596130903344
0.6227877804881122
0.6276913612906999
0.6325701619131243
0.6374239897486893
0.6422526531765843
0.647055961569444
0.6518337253008788
0.6565857557529562
0.6613118653236519
0.6660118674342514
0.6706855765367196
0.6753328081210244
0.6799533787224188
0.6845471059286886
0.6891138083873481
0.693653305812805
0.6981654189934724
0.7026499697988493
0.7071067811865474
0.7115356772092849
0.7159364830218311
0.7203090248879065
0.7246531301870467
0.7289686274214112
0.7332553462225601
0.7375131173581737
0.7417417727387393
0.745941145424182
0.7501110696304591
0.7542513807361038
0.7583619152887215
0.7624425110114479
0.7664930068093496
0.7705132427757894
0.7745030601987337
0.7784623015670236
0.782390810576588
0.7862884321366186
0.7901550123756903
0.793990398647835
0.797794439538571
0.8015669848708764
0.8053078857111221
0.8090169943749473
0.8126941644330941
0.8163392507171839
0.819952109325452
0.8235325976284275
0.8270805742745616
0.8305958991958127
0.834078433613171
0.8375280400421419
0.8409445822981689
0.8443279255020153
0.8476779360850832
0.8509944817946921
0.8542774316992952
0.8575266561936521
0.8607420270039438
0.8639234171928352
0.8670707011644901
0.8701837546695256
0.8732624548099204
0.8763066800438636
0.8793163101905564
0.8822912264349533
0.885231311332455
0.8881364488135446
0.8910065241883678
0.8938414241512639
0.8966410367852358
0.8994052515663712
0.9021339593682028
0.9048270524660197
0.907484424541117
0.9101059706849955
0.9126915874035029
0.9152411726209175
0.9177546256839813
0.9202318473658703
0.922672739870115
0.925077206834458
0.9274451533346615
0.9297764858882515
0.9320711124582108
0.9343289424566121
0.9365498867481923
0.9387338576538742
0.9408807689542255
0.9429905358928646
0.9450630751798048
0.9470983049947445
0.9490961449902946
0.9510565162951535
0.9529793415172189
0.954864544746643
0.9567120515588305
0.9585217890173758
0.9602936856769432
0.9620276715860859
0.9637236782900098
0.9653816388332739
0.967001487762435
0.968583161128631
0.9701265964901058
0.9716317329146739
0.9730985109821264
0.974526872786577
0.9759167619387472
0.9772681235681934
0.978580904325472
0.9798550523842469
0.981090517443334
0.9822872507286887
0.9834452049953296
0.9845643345292054
0.9856445951489979
0.9866859442078679
0.9876883405951377
0.988651744737914
0.9895761186026509
0.9904614256966512
0.9913076310695066
0.9921147013144778
0.9928826045698137
0.9936113105200084
0.9943007903969988
0.9949510169813002
0.99556196460308
0.9961336091431725
0.9966659280340299
0.9971589002606139
0.9976125063612252
0.9980267284282716
0.998401550108975
0.9987369566060175
0.9990329346781247
0.9992894726405892
0.9995065603657316
0.9996841892832999
0.999822352380809
0.9999210442038161
0.9999802608561371
1.0
