1.0
0.999980260856
0.999921044204
0.999822352381
0.999684189283
0.999506560366
0.999289472641
0.999032934678
0.998736956606
0.998401550109
0.998026728428
0.997612506361
0.997158900261
0.996665928034
0.996133609143
0.995561964603
0.994951016981
0.994300790397
0.99361131052
0.99288260457
0.992114701314
0.99130763107
0.990461425697
0.989576118603
0.988651744738
0.987688340595
0.986685944208
0.985644595149
0.984564334529
0.983445204995
0.982287250729
0.981090517443
0.979855052384
0.978580904325
0.977268123568
0.975916761939
0.974526872787
0.973098510982
0.971631732915
0.97012659649
0.968583161129
0.967001487762
0.965381638833
0.96372367829
0.962027671586
0.960293685677
0.958521789017
0.956712051559
0.954864544747
0.952979341517
0.951056516295
0.94909614499
0.947098304995
0.94506307518
0.942990535893
0.940880768954
0.938733857654
0.936549886748
0.934328942457
0.932071112458
0.929776485888
0.927445153335
0.925077206834
0.92267273987
0.920231847366
0.917754625684
0.915241172621
0.912691587404
0.910105970685
0.907484424541
0.904827052466
0.902133959368
0.899405251566
0.896641036785
0.893841424151
0.891006524188
0.888136448814
0.885231311332
0.882291226435
0.879316310191
0.876306680044
0.87326245481
0.87018375467
0.867070701164
0.863923417193
0.860742027004
0.857526656194
0.854277431699
0.850994481795
0.847677936085
0.844327925502
0.840944582298
0.837528040042
0.834078433613
0.830595899196
0.827080574275
0.823532597628
0.819952109325
0.816339250717
0.812694164433
0.809016994375
0.805307885711
0.801566984871
0.797794439539
0.793990398648
0.790155012376
0.786288432137
0.782390810577
0.778462301567
0.774503060199
0.770513242776
0.766493006809
0.762442511011
0.758361915289
0.754251380736
0.75011106963
0.745941145424
0.741741772739
0.737513117358
0.733255346223
0.728968627421
0.724653130187
0.720309024888
0.715936483022
0.711535677209
0.707106781187
0.702649969799
0.698165418993
0.693653305813
0.689113808387
0.684547105929
0.679953378722
0.675332808121
0.670685576537
0.666011867434
0.661311865324
0.656585755753
0.651833725301
0.647055961569
0.642252653177
0.637423989749
0.632570161913
0.627691361291
0.622787780488
0.61785961309
0.612907053653
0.607930297695
0.602929541689
0.597904983058
0.592856820161
0.587785252292
0.582690479669
0.577572703422
0.572432125595
0.567268949127
0.562083377852
0.556875616488
0.551645870628
0.546394346734
0.541121252127
0.535826794979
0.530511184307
0.525174629961
0.519817342621
0.514439533782
0.50904141575
0.503623201636
0.498185105339
0.492727341548
0.487250125725
0.481753674102
0.476238203668
0.470703932165
0.465151078077
0.459579860621
0.45399049974
0.44838321609
0.442758231039
0.437115766651
0.431456045681
0.425779291565
0.420085728412
0.414375580993
0.408649074736
0.402906435714
0.397147890635
0.391373666837
0.385583992277
0.379779095522
0.373959205738
0.368124552685
0.362275366705
0.356411878713
0.350534320191
0.344642923175
0.338737920245
0.332819544523
0.326888029655
0.320943609807
0.314986519655
0.309016994375
0.303035269633
0.297041581577
0.291036166828
0.28501926247
0.278991106039
0.272951935517
0.26690198932
0.26084150629
0.254770725683
0.248689887165
0.242599230795
0.236498997024
0.230389426677
0.224270760949
0.218143241397
0.212007109922
0.20586260877
0.199709980514
0.193549468051
0.187381314586
0.181205763627
0.175023058975
0.168833444713
0.162637165195
0.15643446504
0.150225589121
0.144010782552
0.137790290685
0.131564359092
0.125333233564
0.119097160095
0.112856384873
0.106611154275
0.100361714851
0.0941083133185
0.0878511965507
0.0815906115682
0.0753268055279
0.0690600257144
0.0627905195293
0.056518534482
0.0502443181798
0.0439681183179
0.0376901826699
0.0314107590781
0.0251300954433
0.0188484397154
0.0125660398834
0.00628314396556
6.12323399574e-17
-0.00628314396556
-0.0125660398834
-0.0188484397154
-0.0251300954433
-0.0314107590781
-0.0376901826699
-0.0439681183179
-0.0502443181798
-0.056518534482
-0.0627905195293
-0.0690600257144
-0.0753268055279
-0.0815906115682
-0.0878511965507
-0.0941083133185
-0.100361714851
-0.106611154275
-0.112856384873
-0.119097160095
-0.125333233564
-0.131564359092
-0.137790290685
-0.144010782552
-0.150225589121
-0.15643446504
-0.162637165195
-0.168833444713
-0.175023058975
-0.181205763627
-0.187381314586
-0.193549468051
-0.199709980514
-0.20586260877
-0.212007109922
-0.218143241397
-0.224270760949
-0.230389426677
-0.236498997024
-0.242599230795
-0.248689887165
-0.254770725683
-0.26084150629
-0.26690198932
-0.272951935517
-0.278991106039
-0.28501926247
-0.291036166828
-0.297041581577
-0.303035269633
-0.309016994375
-0.314986519655
-0.320943609807
-0.326888029655
-0.332819544523
-0.338737920245
-0.344642923175
-0.350534320191
-0.356411878713
-0.362275366705
-0.368124552685
-0.373959205738
-0.379779095522
-0.385583992277
-0.391373666837
-0.397147890635
-0.402906435714
-0.408649074736
-0.414375580993
-0.420085728412
-0.425779291565
-0.431456045681
-0.437115766651
-0.442758231039
-0.44838321609
-0.45399049974
-0.459579860621
-0.465151078077
-0.470703932165
-0.476238203668
-0.481753674102
-0.487250125725
-0.492727341548
-0.498185105339
-0.503623201636
-0.50904141575
-0.514439533782
-0.519817342621
-0.525174629961
-0.530511184307
-0.535826794979
-0.541121252127
-0.546394346734
-0.551645870628
-0.556875616488
-0.562083377852
-0.567268949127
-0.572432125595
-0.577572703422
-0.582690479669
-0.587785252292
-0.592856820161
-0.597904983058
-0.602929541689
-0.607930297695
-0.612907053653
-0.61785961309
-0.622787780488
-0.627691361291
-0.632570161913
-0.637423989749
-0.642252653177
-0.647055961569
-0.651833725301
-0.656585755753
-0.661311865324
-0.666011867434
-0.670685576537
-0.675332808121
-0.679953378722
-0.684547105929
-0.689113808387
-0.693653305813
-0.698165418993
-0.702649969799
-0.707106781187
-0.711535677209
-0.715936483022
-0.720309024888
-0.724653130187
-0.728968627421
-0.733255346223
-0.737513117358
-0.741741772739
-0.745941145424
-0.75011106963
-0.754251380736
-0.758361915289
-0.762442511011
-0.766493006809
-0.770513242776
-0.774503060199
-0.778462301567
-0.782390810577
-0.786288432137
-0.790155012376
-0.793990398648
-0.797794439539
-0.801566984871
-0.805307885711
-0.809016994375
-0.812694164433
-0.816339250717
-0.819952109325
-0.823532597628
-0.827080574275
-0.830595899196
-0.834078433613
-0.837528040042
-0.840944582298
-0.844327925502
-0.847677936085
-0.850994481795
-0.854277431699
-0.857526656194
-0.860742027004
-0.863923417193
-0.867070701164
-0.87018375467
-0.87326245481
-0.876306680044
-0.879316310191
-0.882291226435
-0.885231311332
-0.888136448814
-0.891006524188
-0.893841424151
-0.896641036785
-0.899405251566
-0.902133959368
-0.904827052466
-0.907484424541
-0.910105970685
-0.912691587404
-0.915241172621
-0.917754625684
-0.920231847366
-0.92267273987
-0.925077206834
-0.927445153335
-0.929776485888
-0.932071112458
-0.934328942457
-0.936549886748
-0.938733857654
-0.940880768954
-0.942990535893
-0.94506307518
-0.947098304995
-0.94909614499
-0.951056516295
-0.952979341517
-0.954864544747
-0.956712051559
-0.958521789017
-0.960293685677
-0.962027671586
-0.96372367829
-0.965381638833
-0.967001487762
-0.968583161129
-0.97012659649
-0.971631732915
-0.973098510982
-0.974526872787
-0.975916761939
-0.977268123568
-0.978580904325
-0.979855052384
-0.981090517443
-0.982287250729
-0.983445204995
-0.984564334529
-0.985644595149
-0.986685944208
-0.987688340595
-0.988651744738
-0.989576118603
-0.990461425697
-0.99130763107
-0.992114701314
-0.99288260457
-0.99361131052
-0.994300790397
-0.994951016981
-0.995561964603
-0.996133609143
-0.996665928034
-0.997158900261
-0.997612506361
-0.998026728428
-0.998401550109
-0.998736956606
-0.999032934678
-0.999289472641
-0.999506560366
-0.999684189283
-0.999822352381
-0.999921044204
-0.999980260856
-1.0
-0.999980260856
-0.999921044204
-0.999822352381
-0.999684189283
-0.999506560366
-0.999289472641
-0.999032934678
-0.998736956606
-0.998401550109
-0.998026728428
-0.997612506361
-0.997158900261
-0.996665928034
-0.996133609143
-0.995561964603
-0.994951016981
-0.994300790397
-0.99361131052
-0.99288260457
-0.992114701314
-0.99130763107
-0.990461425697
-0.989576118603
-0.988651744738
-0.987688340595
-0.986685944208
-0.985644595149
-0.984564334529
-0.983445204995
-0.982287250729
-0.981090517443
-0.979855052384
-0.978580904325
-0.977268123568
-0.975916761939
-0.974526872787
-0.973098510982
-0.971631732915
-0.97012659649
-0.968583161129
-0.967001487762
-0.965381638833
-0.96372367829
-0.962027671586
-0.960293685677
-0.958521789017
-0.956712051559
-0.954864544747
-0.952979341517
-0.951056516295
-0.94909614499
-0.947098304995
-0.94506307518
-0.942990535893
-0.940880768954
-0.938733857654
-0.936549886748
-0.934328942457
-0.932071112458
-0.929776485888
-0.927445153335
-0.925077206834
-0.92267273987
-0.920231847366
-0.917754625684
-0.915241172621
-0.912691587404
-0.910105970685
-0.907484424541
-0.904827052466
-0.902133959368
-0.899405251566
-0.896641036785
-0.893841424151
-0.891006524188
-0.888136448814
-0.885231311332
-0.882291226435
-0.879316310191
-0.876306680044
-0.87326245481
-0.87018375467
-0.867070701164
-0.863923417193
-0.860742027004
-0.857526656194
-0.854277431699
-0.850994481795
-0.847677936085
-0.844327925502
-0.840944582298
-0.837528040042
-0.834078433613
-0.830595899196
-0.827080574275
-0.823532597628
-0.819952109325
-0.816339250717
-0.812694164433
-0.809016994375
-0.805307885711
-0.801566984871
-0.797794439539
-0.793990398648
-0.790155012376
-0.786288432137
-0.782390810577
-0.778462301567
-0.774503060199
-0.770513242776
-0.766493006809
-0.762442511011
-0.758361915289
-0.754251380736
-0.75011106963
-0.745941145424
-0.741741772739
-0.737513117358
-0.733255346223
-0.728968627421
-0.724653130187
-0.720309024888
-0.715936483022
-0.711535677209
-0.707106781187
-0.702649969799
-0.698165418993
-0.693653305813
-0.689113808387
-0.684547105929
-0.679953378722
-0.675332808121
-0.670685576537
-0.666011867434
-0.661311865324
-0.656585755753
-0.651833725301
-0.647055961569
-0.642252653177
-0.637423989749
-0.632570161913
-0.627691361291
-0.622787780488
-0.61785961309
-0.612907053653
-0.607930297695
-0.602929541689
-0.597904983058
-0.592856820161
-0.587785252292
-0.582690479669
-0.577572703422
-0.572432125595
-0.567268949127
-0.562083377852
-0.556875616488
-0.551645870628
-0.546394346734
-0.541121252127
-0.535826794979
-0.530511184307
-0.525174629961
-0.519817342621
-0.514439533782
-0.50904141575
-0.503623201636
-0.498185105339
-0.492727341548
-0.487250125725
-0.481753674102
-0.476238203668
-0.470703932165
-0.465151078077
-0.459579860621
-0.45399049974
-0.44838321609
-0.442758231039
-0.437115766651
-0.431456045681
-0.425779291565
-0.420085728412
-0.414375580993
-0.408649074736
-0.402906435714
-0.397147890635
-0.391373666837
-0.385583992277
-0.379779095522
-0.373959205738
-0.368124552685
-0.362275366705
-0.356411878713
-0.350534320191
-0.344642923175
-0.338737920245
-0.332819544523
-0.326888029655
-0.320943609807
-0.314986519655
-0.309016994375
-0.303035269633
-0.297041581577
-0.291036166828
-0.28501926247
-0.278991106039
-0.272951935517
-0.26690198932
-0.26084150629
-0.254770725683
-0.248689887165
-0.242599230795
-0.236498997024
-0.230389426677
-0.224270760949
-0.218143241397
-0.212007109922
-0.20586260877
-0.199709980514
-0.193549468051
-0.187381314586
-0.181205763627
-0.175023058975
-0.168833444713
-0.162637165195
-0.15643446504
-0.150225589121
-0.144010782552
-0.137790290685
-0.131564359092
-0.125333233564
-0.119097160095
-0.112856384873
-0.106611154275
-0.100361714851
-0.0941083133185
-0.0878511965507
-0.0815906115682
-0.0753268055279
-0.0690600257144
-0.0627905195293
-0.056518534482
-0.0502443181798
-0.0439681183179
-0.0376901826699
-0.0314107590781
-0.0251300954433
-0.0188484397154
-0.0125660398834
-0.00628314396556
-1.83697019872e-16
0.00628314396556
0.0125660398834
0.0188484397154
0.0251300954433
0.0314107590781
0.0376901826699
0.0439681183179
0.0502443181798
0.056518534482
0.0627905195293
0.0690600257144
0.0753268055279
0.0815906115682
0.0878511965507
0.0941083133185
0.100361714851
0.106611154275
0.112856384873
0.119097160095
0.125333233564
0.131564359092
0.137790290685
0.144010782552
0.150225589121
0.15643446504
0.162637165195
0.168833444713
0.175023058975
0.181205763627
0.187381314586
0.193549468051
0.199709980514
0.20586260877
0.212007109922
0.218143241397
0.224270760949
0.230389426677
0.236498997024
0.242599230795
0.248689887165
0.254770725683
0.26084150629
0.26690198932
0.272951935517
0.278991106039
0.28501926247
0.291036166828
0.297041581577
0.303035269633
0.309016994375
0.314986519655
0.320943609807
0.326888029655
0.332819544523
0.338737920245
0.344642923175
0.350534320191
0.356411878713
0.362275366705
0.368124552685
0.373959205738
0.379779095522
0.385583992277
0.391373666837
0.397147890635
0.402906435714
0.408649074736
0.414375580993
0.420085728412
0.425779291565
0.431456045681
0.437115766651
0.442758231039
0.44838321609
0.45399049974
0.459579860621
0.465151078077
0.470703932165
0.476238203668
0.481753674102
0.487250125725
0.492727341548
0.498185105339
0.503623201636
0.50904141575
0.514439533782
0.519817342621
0.525174629961
0.530511184307
0.535826794979
0.541121252127
0.546394346734
0.551645870628
0.556875616488
0.562083377852
0.567268949127
0.572432125595
0.577572703422
0.582690479669
0.587785252292
0.592856820161
0.597904983058
0.602929541689
0.607930297695
0.612907053653
0.61785961309
0.622787780488
0.627691361291
0.632570161913
0.637423989749
0.642252653177
0.647055961569
0.651833725301
0.656585755753
0.661311865324
0.666011867434
0.670685576537
0.675332808121
0.679953378722
0.684547105929
0.689113808387
0.693653305813
0.698165418993
0.702649969799
0.707106781187
0.711535677209
0.715936483022
0.720309024888
0.724653130187
0.728968627421
0.733255346223
0.737513117358
0.741741772739
0.745941145424
0.75011106963
0.754251380736
0.758361915289
0.762442511011
0.766493006809
0.770513242776
0.774503060199
0.778462301567
0.782390810577
0.786288432137
0.790155012376
0.793990398648
0.797794439539
0.801566984871
0.805307885711
0.809016994375
0.812694164433
0.816339250717
0.819952109325
0.823532597628
0.827080574275
0.830595899196
0.834078433613
0.837528040042
0.840944582298
0.844327925502
0.847677936085
0.850994481795
0.854277431699
0.857526656194
0.860742027004
0.863923417193
0.867070701164
0.87018375467
0.87326245481
0.876306680044
0.879316310191
0.882291226435
0.885231311332
0.888136448814
0.891006524188
0.893841424151
0.896641036785
0.899405251566
0.902133959368
0.904827052466
0.907484424541
0.910105970685
0.912691587404
0.915241172621
0.917754625684
0.920231847366
0.92267273987
0.925077206834
0.927445153335
0.929776485888
0.932071112458
0.934328942457
0.936549886748
0.938733857654
0.940880768954
0.942990535893
0.94506307518
0.947098304995
0.94909614499
0.951056516295
0.952979341517
0.954864544747
0.956712051559
0.958521789017
0.960293685677
0.962027671586
0.96372367829
0.965381638833
0.967001487762
0.968583161129
0.97012659649
0.971631732915
0.973098510982
0.974526872787
0.975916761939
0.977268123568
0.978580904325
0.979855052384
0.981090517443
0.982287250729
0.983445204995
0.984564334529
0.985644595149
0.986685944208
0.987688340595
0.988651744738
0.989576118603
0.990461425697
0.99130763107
0.992114701314
0.99288260457
0.99361131052
0.994300790397
0.994951016981
0.995561964603
0.996133609143
0.996665928034
0.997158900261
0.997612506361
0.998026728428
0.998401550109
0.998736956606
0.999032934678
0.999289472641
0.999506560366
0.999684189283
0.999822352381
0.999921044204
0.999980260856
1.0
