1.0
1.006263404821696
1.0124870840871687
1.0186707920962172
1.0248142847266375
1.03091731944386
1.0369796553105237
1.0430010529959897
1.048981274785787
1.0549200845909996
1.060817247957585
1.066672532075631
1.0724857057885466
1.0782565396021875
1.0839848056939156
1.0896702779215943
1.095312731832515
1.1009119446722588
1.10646769539349
1.1119797646646834
1.1174479348787822
1.1228719901617892
1.1282517163812893
1.1335869011549031
1.138877333858671
1.1441228056353687
1.1493231094027516
1.1544780398617318
1.1595873935044814
1.164650968622467
1.1696685653144132
1.1746399854941942
1.1795650328986538
1.1844435130953535
1.189275233490248
1.19406000333529
1.1987976337359583
1.203487937658717
1.2081307299383988
1.2127258272855133
1.217273048293486
1.221772213445817
1.2262231451231709
1.2306256676103853
1.2349796071034111
1.2392847917161722
1.243541051487352
1.2477482183871023
1.251906126323678
1.2560146111499928
1.2600735106701009
1.2640826646455994
1.2680419148019537
1.2719511048347472
1.2758100804158512
1.2796186891995167
1.2833767808283911
1.2870842069394512
1.2907408211698628
1.2943464791627566
1.2979010385729293
1.3014043590724618
1.3048563023562592
1.3082567321475114
1.3116055142030727
1.3149025163187618
1.3181476083345802
1.3213406621398518
1.3244815516782797
1.3275701529529231
1.3306063440310922
1.3335900050491618
1.336521018217304
1.3393992678241373
1.342224640241296
1.3449970239279145
1.3477163094350324
1.3503823894099136
1.3529951586002857
1.3555545138584952
1.358060354145579
1.3605125805352525
1.3629110962178173
1.3652558065039808
1.367546618828596
1.369783442754315
1.3719661899751587
1.3740947743200047
1.3761691117559876
1.3781891203918173
1.3801547204810118
1.382065834425045
1.383922386776411
1.3857243042416014
1.3874715156840005
1.3891639521266925
1.390801546755184
1.3923842349200433
1.3939119541394516
1.3953846441016702
1.3968022466674206
1.3981647058721811
1.3994719679283953
1.4007239812275958
1.4019206963424407
1.4030620660286668
1.4041480452269532
1.4051785910647006
1.406153662857724
1.4070732221118583
1.4079372325244788
1.4087456599859343
1.4094984725808921
1.4101956405896008
1.4108371364890604
1.4114229349541114
1.4119530128584339
1.4124273492754593
1.4128459254791983
1.4132087249449792
1.4135157333501
1.4137669385743952
1.4139623307007119
1.4141019020153038
1.4141856470081346
1.414213562373095
1.4141856470081344
1.4141019020153038
1.4139623307007119
1.413766938574395
1.4135157333501
1.4132087249449792
1.4128459254791985
1.4124273492754593
1.4119530128584339
1.4114229349541114
1.4108371364890602
1.4101956405896006
1.4094984725808923
1.408745659985934
1.4079372325244788
1.4070732221118583
1.4061536628577238
1.4051785910647006
1.4041480452269532
1.4030620660286668
1.4019206963424407
1.4007239812275958
1.3994719679283953
1.3981647058721811
1.3968022466674206
1.3953846441016702
1.3939119541394516
1.3923842349200433
1.390801546755184
1.3891639521266925
1.3874715156840005
1.3857243042416014
1.3839223867764108
1.382065834425045
1.3801547204810116
1.3781891203918173
1.3761691117559876
1.3740947743200045
1.3719661899751587
1.369783442754315
1.3675466188285963
1.3652558065039808
1.3629110962178173
1.3605125805352523
1.358060354145579
1.3555545138584955
1.3529951586002857
1.3503823894099134
1.3477163094350324
1.3449970239279145
1.342224640241296
1.3393992678241373
1.336521018217304
1.3335900050491618
1.3306063440310922
1.3275701529529234
1.32448155167828
1.3213406621398518
1.3181476083345802
1.3149025163187618
1.3116055142030727
1.3082567321475114
1.3048563023562592
1.3014043590724618
1.2979010385729295
1.2943464791627566
1.2907408211698628
1.2870842069394515
1.2833767808283911
1.279618689199517
1.2758100804158512
1.2719511048347472
1.2680419148019537
1.2640826646455992
1.260073510670101
1.2560146111499928
1.2519061263236777
1.2477482183871023
1.243541051487352
1.2392847917161722
1.2349796071034111
1.230625667610385
1.2262231451231707
1.221772213445817
1.2172730482934861
1.2127258272855133
1.2081307299383985
1.203487937658717
1.1987976337359583
1.19406000333529
1.1892752334902483
1.1844435130953535
1.1795650328986538
1.1746399854941945
1.1696685653144134
1.164650968622467
1.1595873935044814
1.1544780398617318
1.1493231094027518
1.1441228056353687
1.138877333858671
1.1335869011549031
1.128251716381289
1.1228719901617892
1.1174479348787822
1.1119797646646834
1.10646769539349
1.1009119446722588
1.095312731832515
1.0896702779215943
1.0839848056939156
1.0782565396021873
1.0724857057885466
1.066672532075631
1.060817247957585
1.0549200845909996
1.048981274785787
1.0430010529959897
1.036979655310524
1.03091731944386
1.0248142847266375
1.0186707920962172
1.012487084087169
1.006263404821696
1.0
0.9936971168905782
0.9873550043204634
0.9809739126654009
0.9745540938399625
0.9680958012876033
0.9615992899706546
0.95506481636026
0.948492638426248
0.9418830156269505
0.9352362088989582
0.9285524806468194
0.9218320947326814
0.9150753164658724
0.9082824125924294
0.9014536512845657
0.8945893021300851
0.887689636121739
0.8807549256465267
0.8737854444749439
0.8667814677501734
0.8597432719772241
0.8526711350120131
0.8455653360503987
0.8384261556171568
0.8312538755549066
0.8240487790129845
0.8168111504362642
0.8095412755539292
0.8022394413681921
0.7949059361429638
0.7875410493924738
0.7801450718698397
0.7727182955555906
0.7652610136461385
0.7577735205422049
0.7502561118371959
0.7427090843055358
0.735132735890949
0.7275273656946987
0.7198932739637766
0.7122307620790531
0.7045401325433773
0.6968216889696345
0.6890757360687609
0.6813025796377139
0.6735025265474
0.6656758847305589
0.6578229631696083
0.649944071884445
0.6420395219202063
0.6341096253349902
0.626154695187535
0.6181750455248626
0.610170991369878
0.6021428487089341
0.5940909344793572
0.5860155665569335
0.5779170637433615
0.5697957457536653
0.5616519332035734
0.5534859475968611
0.545298111312657
0.5370887475927184
0.528858180528668
0.5206067350492007
0.5123347369072551
0.5040425126671539
0.4957303896917115
0.4873986961293106
0.47904776090094675
0.4706779136872436
0.4622894849154385
0.4538828057463346
0.44545820806123176
0.4370160244488212
0.4285565881920568
0.4200802332549969
0.41158729426962065
0.403078106522617
0.39455300594214804
0.3860123290845875
0.37745641312123424
0.3688855958249994
0.3603002155570746
0.3517006112535723
0.3430871224121457
0.3344600890785856
0.3258198518333959
0.31716675177834885
0.3085011305230181
0.29982333017129337
0.29113369330787275
0.28243256298474106
0.2737202827076246
0.264997196422431
0.2562636485016707
0.24751998373086126
0.23876654729491598
0.23000368476451738
0.22123174208247443
0.21245106555006277
0.20366200181335836
0.19486489784954675
0.18606010095323033
0.17724795872271426
0.16842881904628482
0.15960303008847587
0.1507709402763231
0.1419328982856094
0.1330892530270995
0.12424035363276542
0.1153865494420041
0.10652818998784341
0.09766562498314768
0.08879920430680799
0.07992927798993066
0.0710561962020193
0.062180309237149456
0.05330196750014071
0.044421521492722715
0.03553932179969865
0.026655719075102224
0.01777106402835882
0.008885707410436372
1.1102230246251565e-16
-0.00888570741043615
-0.017771064028358596
-0.026655719075102002
-0.03553932179969832
-0.04442152149272249
-0.05330196750014049
-0.062180309237149234
-0.07105619620201897
-0.07992927798993044
-0.08879920430680777
-0.09766562498314746
-0.10652818998784319
-0.11538654944200377
-0.1242403536327652
-0.13308925302709929
-0.14193289828560918
-0.15077094027632276
-0.15960303008847554
-0.1684288190462846
-0.17724795872271404
-0.1860601009532301
-0.19486489784954653
-0.20366200181335803
-0.21245106555006255
-0.2212317420824741
-0.23000368476451782
-0.2387665472949163
-0.2475199837308616
-0.25626364850167105
-0.26499719642243147
-0.27372028270762494
-0.2824325629847414
-0.2911336933078724
-0.29982333017129315
-0.3085011305230184
-0.3171667517783492
-0.32581985183339635
-0.33446008907858593
-0.343087122412146
-0.35170061125357266
-0.3603002155570749
-0.36888559582499914
-0.37745641312123407
-0.38601232908458727
-0.39455300594214776
-0.4030781065226167
-0.4115872942696204
-0.4200802332549966
-0.4285565881920565
-0.43701602444882093
-0.4454582080612315
-0.45388280574633433
-0.4622894849154382
-0.47067791368724343
-0.4790477609009465
-0.4873986961293104
-0.49573038969171135
-0.5040425126671536
-0.5123347369072548
-0.5206067350492005
-0.5288581805286681
-0.5370887475927184
-0.5452981113126565
-0.5534859475968605
-0.5616519332035732
-0.5697957457536651
-0.5779170637433613
-0.5860155665569333
-0.594090934479357
-0.6021428487089342
-0.6101709913698781
-0.618175045524862
-0.6261546951875345
-0.6341096253349896
-0.642039521920206
-0.6499440718844447
-0.657822963169608
-0.6656758847305588
-0.6735025265474
-0.6813025796377139
-0.6890757360687609
-0.6968216889696339
-0.7045401325433769
-0.7122307620790527
-0.7198932739637762
-0.7275273656946983
-0.7351327358909494
-0.7427090843055362
-0.7502561118371962
-0.7577735205422051
-0.7652610136461386
-0.7727182955555907
-0.7801450718698398
-0.7875410493924738
-0.7949059361429641
-0.8022394413681925
-0.8095412755539295
-0.8168111504362644
-0.8240487790129848
-0.8312538755549067
-0.8384261556171568
-0.8455653360503987
-0.8526711350120132
-0.8597432719772242
-0.8667814677501733
-0.8737854444749436
-0.8807549256465266
-0.8876896361217389
-0.8945893021300853
-0.9014536512845657
-0.9082824125924294
-0.9150753164658719
-0.9218320947326809
-0.9285524806468192
-0.935236208898958
-0.9418830156269503
-0.9484926384262478
-0.9550648163602597
-0.9615992899706547
-0.9680958012876033
-0.9745540938399622
-0.9809739126654005
-0.9873550043204633
-0.9936971168905779
-0.9999999999999999
-1.006263404821696
-1.0124870840871687
-1.0186707920962172
-1.0248142847266375
-1.0309173194438597
-1.0369796553105235
-1.0430010529959894
-1.048981274785787
-1.0549200845909994
-1.0608172479575848
-1.066672532075631
-1.0724857057885466
-1.0782565396021875
-1.0839848056939154
-1.089670277921594
-1.0953127318325149
-1.1009119446722586
-1.10646769539349
-1.1119797646646834
-1.1174479348787822
-1.1228719901617892
-1.1282517163812895
-1.1335869011549033
-1.1388773338586708
-1.1441228056353685
-1.1493231094027516
-1.1544780398617318
-1.1595873935044814
-1.164650968622467
-1.1696685653144134
-1.1746399854941945
-1.1795650328986542
-1.1844435130953535
-1.189275233490248
-1.19406000333529
-1.1987976337359583
-1.203487937658717
-1.2081307299383988
-1.2127258272855135
-1.2172730482934861
-1.2217722134458175
-1.2262231451231707
-1.2306256676103853
-1.2349796071034111
-1.2392847917161722
-1.2435410514873522
-1.2477482183871025
-1.2519061263236781
-1.256014611149993
-1.2600735106701013
-1.2640826646455996
-1.268041914801954
-1.2719511048347474
-1.2758100804158512
-1.279618689199517
-1.2833767808283914
-1.2870842069394515
-1.2907408211698628
-1.2943464791627568
-1.2979010385729295
-1.3014043590724618
-1.3048563023562592
-1.3082567321475114
-1.311605514203073
-1.3149025163187618
-1.3181476083345802
-1.321340662139852
-1.32448155167828
-1.3275701529529234
-1.330606344031092
-1.333590005049162
-1.336521018217304
-1.3393992678241375
-1.342224640241296
-1.3449970239279148
-1.3477163094350324
-1.3503823894099134
-1.3529951586002857
-1.3555545138584952
-1.3580603541455787
-1.3605125805352523
-1.3629110962178173
-1.3652558065039808
-1.3675466188285959
-1.3697834427543147
-1.3719661899751587
-1.3740947743200045
-1.3761691117559876
-1.3781891203918173
-1.3801547204810116
-1.382065834425045
-1.3839223867764108
-1.3857243042416014
-1.3874715156840005
-1.3891639521266923
-1.390801546755184
-1.3923842349200433
-1.3939119541394516
-1.39538464410167
-1.3968022466674206
-1.3981647058721811
-1.3994719679283953
-1.4007239812275956
-1.4019206963424407
-1.4030620660286668
-1.404148045226953
-1.4051785910647006
-1.406153662857724
-1.4070732221118583
-1.4079372325244788
-1.4087456599859343
-1.4094984725808921
-1.4101956405896006
-1.4108371364890602
-1.4114229349541114
-1.4119530128584337
-1.4124273492754593
-1.4128459254791983
-1.4132087249449792
-1.4135157333501003
-1.4137669385743952
-1.4139623307007119
-1.4141019020153038
-1.4141856470081344
-1.4142135623730951
-1.4141856470081344
-1.4141019020153038
-1.4139623307007119
-1.4137669385743952
-1.4135157333501003
-1.4132087249449792
-1.4128459254791983
-1.4124273492754593
-1.4119530128584339
-1.4114229349541114
-1.4108371364890602
-1.4101956405896006
-1.4094984725808921
-1.4087456599859343
-1.4079372325244788
-1.4070732221118583
-1.4061536628577238
-1.4051785910647006
-1.4041480452269535
-1.4030620660286668
-1.4019206963424407
-1.4007239812275958
-1.3994719679283953
-1.3981647058721811
-1.3968022466674206
-1.39538464410167
-1.3939119541394516
-1.3923842349200433
-1.390801546755184
-1.3891639521266925
-1.3874715156840005
-1.3857243042416014
-1.3839223867764108
-1.382065834425045
-1.3801547204810116
-1.3781891203918173
-1.3761691117559873
-1.3740947743200047
-1.3719661899751587
-1.369783442754315
-1.3675466188285963
-1.3652558065039808
-1.3629110962178173
-1.3605125805352523
-1.358060354145579
-1.355554513858495
-1.3529951586002857
-1.3503823894099138
-1.3477163094350322
-1.3449970239279148
-1.3422246402412958
-1.3393992678241375
-1.3365210182173037
-1.3335900050491618
-1.330606344031092
-1.3275701529529231
-1.32448155167828
-1.3213406621398516
-1.3181476083345802
-1.3149025163187615
-1.3116055142030727
-1.3082567321475111
-1.3048563023562592
-1.3014043590724613
-1.2979010385729293
-1.2943464791627566
-1.2907408211698626
-1.2870842069394515
-1.283376780828391
-1.2796186891995167
-1.2758100804158508
-1.2719511048347472
-1.2680419148019535
-1.2640826646455994
-1.260073510670101
-1.2560146111499926
-1.251906126323678
-1.247748218387102
-1.2435410514873526
-1.2392847917161727
-1.2349796071034116
-1.2306256676103855
-1.2262231451231713
-1.2217722134458173
-1.2172730482934861
-1.2127258272855133
-1.208130729938399
-1.2034879376587178
-1.1987976337359587
-1.1940600033352904
-1.1892752334902483
-1.184443513095354
-1.179565032898654
-1.1746399854941947
-1.1696685653144134
-1.1646509686224673
-1.1595873935044814
-1.154478039861732
-1.1493231094027523
-1.1441228056353687
-1.1388773338586715
-1.1335869011549031
-1.1282517163812897
-1.122871990161789
-1.1174479348787822
-1.1119797646646834
-1.1064676953934902
-1.1009119446722593
-1.0953127318325153
-1.0896702779215948
-1.0839848056939156
-1.078256539602188
-1.0724857057885466
-1.0666725320756314
-1.0608172479575848
-1.0549200845909998
-1.0489812747857876
-1.0430010529959897
-1.0369796553105242
-1.03091731944386
-1.0248142847266377
-1.018670792096217
-1.012487084087169
-1.0062634048216959
-1.0000000000000002
-0.9936971168905787
-0.9873550043204635
-0.9809739126654012
-0.9745540938399624
-0.9680958012876036
-0.9615992899706546
-0.9550648163602601
-0.9484926384262476
-0.9418830156269506
-0.9352362088989588
-0.9285524806468195
-0.9218320947326817
-0.9150753164658723
-0.9082824125924297
-0.9014536512845654
-0.8945893021300855
-0.8876896361217386
-0.8807549256465268
-0.8737854444749444
-0.8667814677501736
-0.8597432719772244
-0.8526711350120131
-0.8455653360503992
-0.8384261556171567
-0.831253875554907
-0.8240487790129841
-0.8168111504362643
-0.8095412755539299
-0.8022394413681924
-0.7949059361429645
-0.7875410493924737
-0.7801450718698402
-0.7727182955555905
-0.765261013646139
-0.7577735205422045
-0.750256111837196
-0.7427090843055354
-0.7351327358909492
-0.7275273656946988
-0.7198932739637761
-0.7122307620790531
-0.7045401325433766
-0.6968216889696343
-0.6890757360687603
-0.6813025796377139
-0.6735025265473991
-0.6656758847305585
-0.6578229631696084
-0.6499440718844446
-0.6420395219202064
-0.6341096253349894
-0.626154695187535
-0.6181750455248618
-0.6101709913698777
-0.6021428487089335
-0.5940909344793569
-0.5860155665569337
-0.577917063743361
-0.5697957457536655
-0.561651933203573
-0.553485947596861
-0.5452981113126565
-0.5370887475927182
-0.5288581805286672
-0.5206067350492003
-0.5123347369072552
-0.5040425126671535
-0.49573038969171174
-0.4873986961293102
-0.479047760900947
-0.4706779136872432
-0.462289484915438
-0.4538828057463336
-0.44545820806123126
-0.43701602444882126
-0.4285565881920563
-0.420080233254997
-0.41158729426962015
-0.4030781065226171
-0.39455300594214765
-0.3860123290845877
-0.37745641312123324
-0.3688855958250001
-0.3603002155570747
-0.3517006112535731
-0.3430871224121459
-0.33446008907858626
-0.32581985183339734
-0.31716675177834974
-0.30850113052301953
-0.2998233301712936
-0.29113369330787353
-0.28243256298474106
-0.2737202827076253
-0.26499719642243125
-0.2562636485016715
-0.24751998373086126
-0.23876654729491686
-0.23000368476451893
-0.22123174208247465
-0.21245106555006354
-0.2036620018133578
-0.19486489784954697
-0.1860601009532299
-0.17724795872271448
-0.16842881904628437
-0.1596030300884761
-0.15077094027632398
-0.14193289828560962
-0.13308925302710028
-0.12424035363276553
-0.1153865494420041
-0.10652818998784297
-0.0976656249831479
-0.08879920430680754
-0.07992927798993088
-0.07105619620202008
-0.06218030923714968
-0.0533019675001416
-0.04442152149272294
-0.035539321799698764
-0.02665571907510178
-0.01777106402835904
-0.008885707410435928
-3.3306690738754696e-16
0.008885707410435262
0.017771064028358374
0.026655719075101114
0.03553932179969821
0.04442152149272227
0.053301967500140934
0.06218030923714901
0.07105619620201942
0.07992927798993021
0.08879920430680688
0.09766562498314724
0.10652818998784241
0.11538654944200355
0.12424035363276498
0.13308925302709973
0.14193289828560907
0.15077094027632332
0.15960303008847532
0.16842881904628382
0.17724795872271382
0.18606010095322933
0.1948648978495463
0.20366200181335725
0.212451065550063
0.22123174208247398
0.23000368476451827
0.2387665472949163
0.2475199837308607
0.25626364850167094
0.2649971964224307
0.2737202827076247
0.2824325629847405
0.291133693307873
0.2998233301712929
0.308501130523019
0.3171667517783491
0.3258198518333967
0.3344600890785857
0.34308712241214534
0.35170061125357255
0.36030021555707414
0.3688855958249995
0.3774564131212339
0.3860123290845884
0.39455300594214826
0.4030781065226177
0.41158729426962076
0.4200802332549964
0.4285565881920569
0.4370160244488208
0.4454582080612319
0.4538828057463341
0.46228948491543864
0.4706779136872439
0.4790477609009475
0.4873986961293108
0.4957303896917111
0.5040425126671539
0.5123347369072546
0.520606735049201
0.5288581805286678
0.5370887475927189
0.5452981113126569
0.5534859475968615
0.5616519332035737
0.5697957457536649
0.5779170637433617
0.5860155665569331
0.5940909344793575
0.602142848708934
0.6101709913698784
0.6181750455248625
0.6261546951875354
0.6341096253349899
0.642039521920206
0.6499440718844451
0.657822963169608
0.665675884730559
0.6735025265473997
0.6813025796377143
0.6890757360687607
0.6968216889696348
0.7045401325433771
0.7122307620790527
0.7198932739637756
0.7275273656946983
0.7351327358909487
0.742709084305535
0.7502561118371954
0.7577735205422039
0.7652610136461384
0.77271829555559
0.7801450718698397
0.7875410493924732
0.794905936142964
0.8022394413681918
0.8095412755539294
0.8168111504362637
0.8240487790129836
0.8312538755549066
0.8384261556171563
0.8455653360503986
0.8526711350120126
0.859743271977224
0.8667814677501731
0.873785444474944
0.8807549256465264
0.8876896361217382
0.894589302130085
0.9014536512845651
0.9082824125924293
0.9150753164658718
0.9218320947326812
0.9285524806468191
0.9352362088989583
0.9418830156269502
0.9484926384262472
0.9550648163602596
0.9615992899706541
0.9680958012876032
0.974554093839962
0.9809739126654008
0.9873550043204632
0.9936971168905783
0.9999999999999998
