1.0
1.06081724796
1.11744793488
1.16966856531
1.21727304829
1.26007351067
1.29790103857
1.33060634403
1.35806035415
1.38015472048
1.39680224667
1.40793723252
1.41351573335
1.41351573335
1.40793723252
1.39680224667
1.38015472048
1.35806035415
1.33060634403
1.29790103857
1.26007351067
1.21727304829
1.16966856531
1.11744793488
1.06081724796
1.0
0.935236208899
0.86678146775
0.794905936143
0.719893273964
0.64203952192
0.561651933204
0.479047760901
0.394553005942
0.308501130523
0.221231742082
0.133089253027
0.0444215214927
-0.0444215214927
-0.133089253027
-0.221231742082
-0.308501130523
-0.394553005942
-0.479047760901
-0.561651933204
-0.64203952192
-0.719893273964
-0.794905936143
-0.86678146775
-0.935236208899
-1.0
-1.06081724796
-1.11744793488
-1.16966856531
-1.21727304829
-1.26007351067
-1.29790103857
-1.33060634403
-1.35806035415
-1.38015472048
-1.39680224667
-1.40793723252
-1.41351573335
-1.41351573335
-1.40793723252
-1.39680224667
-1.38015472048
-1.35806035415
-1.33060634403
-1.29790103857
-1.26007351067
-1.21727304829
-1.16966856531
-1.11744793488
-1.06081724796
-1.0
-0.935236208899
-0.86678146775
-0.794905936143
-0.719893273964
-0.64203952192
-0.561651933204
-0.479047760901
-0.394553005942
-0.308501130523
-0.221231742082
-0.133089253027
-0.0444215214927
0.0444215214927
0.133089253027
0.221231742082
0.308501130523
0.394553005942
0.479047760901
0.561651933204
0.64203952192
0.719893273964
0.794905936143
0.86678146775
0.935236208899
1.0
